1.1201235717797997,1.1559724291314988,1.1559724608136384
1.1013263287271577,1.0962727142895226,1.2292409159823652
1.0602048737898164,1.0524280620936084,1.3050579416008112
1.0185115845564783,1.0299266155022473,1.3604505656854569
1.0000511660430762,1.0001022128370862,1.4140415624336364
1.001331104209648,1.0026717006660886,1.4095051167289743
1.0036810312553217,1.0074446367890113,1.401173472015423
1.0051009980002021,1.0103600726207274,1.3961302643639806
1.0775180286115595,1.0805232320688434,1.2607445744373793
1.090717420174065,1.0731245246535839,1.2618564404670363
1.1013263162828486,1.2292409183917636,1.0962727183319219
1.0518466795781454,1.1742750800928576,1.174275079668573
1.0123863780824511,1.1318905830853214,1.241738403453639
1.000528044124687,1.0891183622029066,1.2982615819787544
1.0053640657520422,1.0334588570998344,1.3647552524137407
1.0051551366737836,1.012075561561508,1.3937289303151517
1.0953968028807932,1.091778135128948,1.2376439739239755
1.1096477203687234,1.0872839684475835,1.2347662758045315
1.118924298991276,1.1023744152291648,1.212806176671253
1.1162080677249913,1.1355119250237622,1.1788273631170374
1.0602048544578693,1.3050579379563236,1.0524280746242638
1.01238637786046,1.2417384033685221,1.1318905832906663
1.0006638529456318,1.189008847115025,1.1890088428445154
1.0051174655930355,1.1367681436933126,1.2408276047594569
1.005294720844755,1.0883569076710742,1.2958725881193836
1.1262343156218342,1.0852595182337605,1.2279661597760114
1.1186607630268455,1.117151723480537,1.196879595085909
1.1209277866777598,1.1168558387867564,1.1959330376276947
1.1052203455212737,1.1494075107878532,1.170344977905709
1.0755198380147635,1.2346580060384176,1.1045718270027196
1.018511586809055,1.3604505651233576,1.0299266147906172
1.0005280449950313,1.298261581744587,1.0891183619373437
1.0051174643417826,1.2408276070389974,1.136768142290949
1.0079601014517885,1.1867557386201206,1.1867557386201097
1.1223725099256292,1.1053871315914872,1.2076038088615777
1.1251970826159774,1.1120442449071295,1.1987581391413866
1.0977844176073737,1.1735436512008985,1.1501518955895134
1.0329352368152152,1.253163639456645,1.1103969149758286
1.0080415008091244,1.3398714421971678,1.0511759011187087
1.001608221142259,1.1916453108956473,1.1858175758639187
1.0000511660430762,1.4140415624336364,1.0001022128370862
1.0053640655630272,1.3647552557496734,1.0334588546681638
1.005294721048255,1.295872585533366,1.0883569097197738
1.122372511652262,1.2076038068086283,1.105387132616343
1.0810245704835784,1.1663420405060794,1.1663420367969837
1.0280154744673708,1.2820371022889903,1.0879825756002077
1.0027793846200255,1.406805589227298,1.0038483166084016
1.0017249558887733,1.3669366079783136,1.0336899316861596
1.0,1.23426817431394,1.1457902464265748
1.048368538287454,1.1048102973925562,1.2503850845753297
1.001331104570426,1.409505116091731,1.0026717009404809
1.0051551352217611,1.393728929900796,1.0120755625937536
1.1262343069143164,1.2279661485114515,1.0852595323588135
1.1251970979794492,1.198758137044801,1.1120442392413454
1.0280154736853773,1.0879825782308497,1.2820370996738086
1.0002011940075843,1.1891825776577876,1.1891825802242966
1.000034586802425,1.4141139678633676,1.0000635044738886
1.0134417092931456,1.3072787385481484,1.0746220050531918
1.0626254080371138,1.1698629906506284,1.1726872352448021
1.0751610174155486,1.1184208999804015,1.219304244805511
1.003681031368183,1.401173472074597,1.0074446366980294
1.0953967930189994,1.2376439770741194,1.0917781372657325
1.118660754628604,1.1968795940419685,1.117151728653073
1.0977844268521324,1.1501518970296276,1.1735436447876166
1.002779384983609,1.0038483166846939,1.4068055888628757
1.0000345868033855,1.0000635044750463,1.4141139678609305
1.077934874332006,1.1670837439611006,1.167083735832177
1.0158614984900354,1.2705001524081638,1.1043602581126086
1.0801148152398896,1.1701266054594197,1.1628995292350741
1.1062527542460359,1.1169331124897135,1.203678354281241
1.0051009967894189,1.3961302706133816,1.0103600687051486
1.1096477294734561,1.234766267465145,1.0872839713218854
1.120927774928683,1.1959330298568025,1.1168558519391691
1.0329351780561076,1.110396904422696,1.2531636869938247
1.0017249554626673,1.0336899298932687,1.366936610638919
1.0134417071193587,1.0746220034375564,1.3072787419269152
1.0158614975229063,1.1043602469413991,1.2705001658585375
1.1056460195256101,1.159641089545297,1.1596410858348303
1.1164769406929969,1.2342183175802748,1.0844253766923027
1.089511945158539,1.1353766414121491,1.1933435437451823
1.0775180215129865,1.260744575316102,1.080523234829729
1.1189242932859147,1.2128061731149828,1.1023744212681297
1.1052203530569167,1.1703449809933801,1.1494075038311864
1.0080414973893521,1.0511758413137404,1.339871520701973
1.0,1.1457902133112192,1.2342682099831226
1.0626253949673679,1.1726872214822328,1.1698630115845516
1.080114845943656,1.1628995448210888,1.1701265731411683
1.116476882351882,1.0844253977345488,1.2342183258693091
1.0797083959489975,1.166627329821933,1.1666270436445174
1.1043320592991681,1.169587270914475,1.1506171378605952
1.0907174144783929,1.2618564400064027,1.073124527850377
1.116208061742043,1.1788273626834596,1.1355119284799173
1.075519854634163,1.104571778849296,1.2346580504960831
1.0016082201031293,1.185817610294002,1.1916452769131975
1.0483685366278672,1.25038502057445,1.1048103548215864
1.0751610331989512,1.2193042071601423,1.1184209262454154
1.1062527669170692,1.203678353232685,1.116933106954216
1.089511862069746,1.193343146088319,1.1353770630895692
1.1043305617657486,1.150619190664869,1.1695859777093147
1.005800868193056,1.1874447206530712,1.1874447171014306
1.2346703301617807,1.1280792905386137,1.1280792919856826
1.1991716613864891,1.0619768171153918,1.216168469310925
1.1420149034656866,1.0424015318361184,1.2695114126205895
1.1127025235936265,1.00352041509585,1.3359824669043205
1.0738103465451763,1.0024253936721146,1.361440337268177
1.0202849628614326,1.0095409376514475,1.3868486170361782
1.000041788358362,1.005490881383024,1.406475179797432
1.0773605124625394,1.0997549161258946,1.2388258354070523
1.1142699148661366,1.0645683155609538,1.2584869510311065
1.0913141546677687,1.1180906283079775,1.2109285434020978
1.1991716627748392,1.216168468829402,1.0619768169118273
1.13736454312434,1.1515452170959066,1.1515452119517273
1.1070503477815181,1.1070435132583059,1.2141243244010667
1.0747207000479668,1.0640066866839792,1.2820851956551547
1.0368722520873257,1.0225853259010678,1.3581337956320323
1.0001750232009297,1.0137110960749223,1.3950206351197636
1.133961362305509,1.075113019127303,1.2353017451858859
1.110601778969788,1.1213571774834414,1.1967143139104939
1.1177177201337753,1.124352101445182,1.1897130352383514
1.112956596959838,1.1247638661219652,1.191824251985272
1.142014902016218,1.2695114051545213,1.0424015386158103
1.10705034775792,1.2141243243906708,1.1070435132810412
1.0697539752182625,1.1693102291680737,1.1693102330516898
1.0311257220186298,1.1287633722272379,1.2336998945285744
1.110229565019542,1.0984008620883303,1.2219256520151731
1.116926560033056,1.1126005033219604,1.2026989634531349
1.1230201617847597,1.1189296021169814,1.1926018058831642
1.107216273573512,1.1748938725232263,1.1439305564731757
1.0810561272451573,1.2300988463106384,1.105706160733016
1.0060138147643969,1.2122086449879694,1.1631133647176357
1.1127025235821866,1.335982466934558,1.0035204150770123
1.0747207013757964,1.2820851948263694,1.0640066867114746
1.0311257211395986,1.2336998949552476,1.1287633722921293
1.1095518589092999,1.1586938139924934,1.158693801225287
1.1245317873523026,1.1189685769091713,1.1917200611453678
1.1020604619965286,1.1807461037087352,1.140917484968951
1.0584616095167092,1.2583945160521801,1.0923592523032786
1.00378906662855,1.3560533555225063,1.040878241986089
1.0,1.2249401788594554,1.1544940526173577
1.0216513286944728,1.0616550430988905,1.3177772885370582
1.0738103464721174,1.3614403373010102,1.0024253936820378
1.036872246676078,1.3581337976925447,1.0225853270117196
1.1102295640274353,1.2219256508350045,1.098400863648492
1.12453178317812,1.1917200575940994,1.1189685823172006
1.0412082574181836,1.1772603608542225,1.177260824868764
1.0021556906685662,1.4088250126316773,1.0027333107139145
1.000376806120526,1.4082553200994723,1.0041650320239677
1.0082877778194967,1.2718573470467647,1.1072735865570926
1.0534233248408484,1.1358665897151794,1.2130653463436816
1.0539635800869664,1.1051282551063795,1.2464651254968355
1.0202849673582914,1.3868486156664634,1.0095409364179657
1.0001750231485542,1.3950206378437564,1.0137110941435972
1.1169265573478824,1.2026989597893014,1.1126005080472339
1.1020604488736283,1.1409174895555745,1.180746105988055
1.002155690039917,1.0027333108842247,1.4088250128363442
1.0257866686412287,1.1816861327299104,1.1816860459311835
1.0162820957133625,1.3447985697254778,1.0431795714914693
1.047108152530712,1.2128779262621658,1.1394442549955843
1.0937910384665952,1.1364211848808246,1.1898854577775217
1.0806905028473845,1.1098208379955212,1.2257163039212464
1.0000417884350936,1.4064751808718154,1.0054908805788783
1.1339613667699047,1.235301739602159,1.0751130218635998
1.12302014934831,1.1926018038264583,1.1189296102637596
1.0584615938476418,1.0923592507722504,1.2583945271227321
1.0003768062469152,1.0041650386506016,1.4082553107667943
1.016282087857253,1.0431795449233503,1.344798609136041
1.094256819675829,1.1627215807508335,1.1627215772891983
1.0523222250956112,1.241337645257618,1.1105514594636037
1.1061195918390778,1.1580587459611058,1.1611390825154353
1.1441990487548057,1.0712948978952594,1.2341504886307693
1.077360514858988,1.2388258411675606,1.0997549097845876
1.1106017799384424,1.1967143115300398,1.1213571792295696
1.1072162736588806,1.143930556753756,1.1748938721893492
1.0037890665069242,1.0408782732898665,1.3560533148320206
1.0082877797715897,1.107273586752181,1.2718573455312256
1.0471081502516917,1.1394442528905384,1.2128779298200856
1.052322230020218,1.1105514709713586,1.2413376294318743
1.096409201339101,1.162167404787522,1.1621669864473736
1.113633081165155,1.20768305009812,1.1096505948361064
1.0601697779226844,1.199601922296982,1.1450182076213855
1.1142699220541954,1.2584869371904768,1.0645683238303998
1.1177177097392297,1.1897130227221926,1.124352118514299
1.0810561759541495,1.1057061532824235,1.2300988268743858
1.0,1.154494144970402,1.2249400808577913
1.0534233307023133,1.2130653828871731,1.1358665523318168
1.0937910415794228,1.1898854530513037,1.1364211877881174
1.1061195564267203,1.161139121907775,1.1580587252083112
1.1136333268915182,1.1096507587636324,1.2076827383200832
1.0226472381060752,1.1825774840012635,1.1825774839769139
1.0125811546195238,1.065442314042252,1.3189935451513575
1.0913141631879444,1.2109285503237748,1.1180906175274812
1.1129565951449867,1.1918242577862852,1.1247638615617273
1.0060138143027109,1.163113334462356,1.2122086767484044
1.0216513344706613,1.3177773470048577,1.0616549939995992
1.053963575741696,1.2464651231341655,1.1051282594969485
1.0806905158316866,1.2257163031204352,1.1098208319835474
1.144199184901607,1.2341505246700324,1.0712948030514569
1.0601697273392605,1.1450178308438121,1.1996023431751994
1.0125819524855082,1.3189917310567152,1.065443349447538
1.0006710837910793,1.1890103839623438,1.1890028479846682
1.3304224054832108,1.1072825802071342,1.1072825870010294
1.2753955103456522,1.0561580547551186,1.1856740094373552
1.2339101940276636,1.0237072263941622,1.2436088718040854
1.1935398635156358,1.0006103545620133,1.2937763497236883
1.1356408879339792,1.007281542274294,1.317461056715962
1.0796412966170195,1.0136523776793338,1.342693552470371
1.046911946754216,1.1509802706279393,1.2007422261806606
1.0784220757582976,1.1247017014732914,1.2108566946694332
1.1003885080609528,1.1144493728553106,1.2099135417764866
1.0982086145846266,1.1348631200499288,1.1891286654379345
1.2753954989062555,1.1856740003284396,1.0561580676034523
1.2310824442339081,1.128973230021938,1.128973230879903
1.1913204867222382,1.0863996671592138,1.1926410730352368
1.1569243407636327,1.041883028792935,1.2618802717118278
1.11009536930499,1.0209598192580944,1.314620850716196
1.1097277090752187,1.1054969423758256,1.2143629027124534
1.1182896492133845,1.1121986121757488,1.202409405943266
1.127559038742981,1.1155605799342247,1.1938355413922574
1.1140150617553757,1.1551570044079837,1.1599990818835906
1.1150336846394895,1.188991208799332,1.1263888665852222
1.2339101951471696,1.2436088707642723,1.0237072267879181
1.1913204817718226,1.192641073080886,1.0863996693748208
1.1486475517879329,1.1486473893573812,1.148647393008105
1.110635031401107,1.1089397472957234,1.2100984289563461
1.1195321506784357,1.1077856187857114,1.206511278512172
1.1278965966737868,1.1179238407558898,1.1910960811838618
1.1142258024848035,1.1740299385222923,1.1411658570766288
1.0995929624714134,1.2179498565094762,1.1071665926020196
1.0559559964646725,1.1957045625154097,1.1509381333246878
1.009850488209746,1.0228555988984585,1.3758458456123819
1.1935398633941032,1.2937763495429364,1.0006103547577774
1.1569243263134623,1.2618802713885389,1.041883035574538
1.110635024857424,1.2100984325724353,1.10893974725061
1.1379919231835112,1.1513881751068762,1.1513881787795712
1.1178390521089314,1.1783289701502422,1.1351592753758393
1.0929224126111434,1.252643309934806,1.079939508548674
1.029907899695497,1.3782734000640142,1.0110272551930903
1.0,1.2676389971730306,1.1156237134127407
1.026698156129828,1.1023608149801676,1.2661814451759332
1.036063659957878,1.090455526814137,1.274236360720549
1.1356408884660616,1.3174610580540747,1.0072815410097036
1.110095368665225,1.3146208539421897,1.0209598170510583
1.1195321531610405,1.206511281284323,1.107785615006311
1.117839048456917,1.1351592747775905,1.1783289727048558
1.095772801944568,1.1623177822427961,1.1623177842405716
1.0002424003547252,1.4136693901650266,1.000319855187184
1.0124876025804121,1.3287695613676203,1.0576449702343542
1.0537757164451265,1.1695263551952024,1.1779537273067764
1.057602520475104,1.116960240510859,1.2310771488549852
1.0644592333307559,1.1164944687020504,1.2276974939622673
1.0796412967914077,1.3426935514342642,1.0136523783806544
1.1097276997253844,1.214362903372372,1.1054969464323685
1.1278965973647974,1.1910960782689477,1.1179238431476557
1.092922409045925,1.0799395142251158,1.2526433053954462
1.0002424007160502,1.0003198555908832,1.4136693894655592
1.0608865491126105,1.171754698752937,1.171754703748361
1.0403061589746556,1.2733736274231442,1.0888481408281334
1.0829328352273244,1.1599781229945403,1.1715523378764887
1.090806436800378,1.1170368077618336,1.2120869352729968
1.109212366324984,1.092714730514728,1.2288637515569498
1.0469119374865705,1.2007422153901863,1.1509802860777336
1.118289644267996,1.202409408441656,1.1121986123290277
1.1142258002190852,1.141165847307639,1.1740299497681381
1.0299078856876216,1.0110272563564364,1.378273407866051
1.0124876023763918,1.0576449944648614,1.3287695309840497
1.0403061590619753,1.088848139694374,1.2733736287071746
1.1001325000058848,1.1611018386643108,1.1611018482139546
1.0984349237616742,1.227620080095922,1.0991759902205487
1.1107262259691058,1.1100003355128503,1.208912750675684
1.114586728929813,1.1058582039588587,1.2112950104856604
1.078422075235536,1.2108566943018504,1.1247017020963788
1.127559026144872,1.1938355399209586,1.1155605875239922
1.0995929653958927,1.1071666114810617,1.2179498341729817
1.0,1.115623714454548,1.267638995989007
1.0537757207668839,1.1779537215804332,1.1695263584849371
1.0829328587774454,1.1715523552846787,1.1599780931260009
1.0984349354476737,1.099176001730019,1.2276200607134498
1.0994377983746342,1.161359996905764,1.1613595517939512
1.092398644955544,1.1492381933835791,1.177370323068104
1.0362548641847218,1.2342543485557782,1.1256273009917792
1.1003884992018442,1.2099135391807008,1.1144493797096815
1.1140150419456494,1.1599990727020268,1.1551570238517657
1.0559560193670754,1.1509381358089652,1.1957045469595682
1.0266981535003445,1.2661814029411664,1.1023608531469502
1.0576025216098166,1.2310771617996927,1.116960228123876
1.090806407415268,1.212087007441241,1.1170367562294803
1.1107260776764885,1.2089126021099568,1.110000546054709
1.0923993601182809,1.1773686672573922,1.1492394331155649
1.004130707074867,1.1879471434668183,1.1879547444642378
1.001734890346706,1.055694389295979,1.3384380885977234
1.0982086089908258,1.189128662495345,1.1348631257497817
1.1150337003319726,1.1263887863241522,1.1889912851997408
1.0098503166994075,1.3758459072580944,1.0228556399449378
1.0360636703151611,1.2742363482162042,1.0904555321117464
1.0644592191343192,1.2276975011807796,1.116494469586561
1.1092123754581524,1.228863748131556,1.0927147290561732
1.1145867330304777,1.2112950667147864,1.105858150585035
1.0362546894253868,1.1256269218692292,1.2342548676813414
1.0017349593366787,1.3384196833421658,1.055708872366853
1.00486192953838,1.187754770740603,1.1877547706850318
1.4179326650140678,1.0897747723390627,1.0897747731595862
1.3626008675444325,1.0443085571501742,1.1600872895695866
1.3337549318607909,1.00112426022142,1.2231420720985444
1.2570622388672168,1.0034079419434538,1.2570620864978894
1.1920052594541768,1.0118702031175353,1.280065407336829
1.136675538832757,1.0152149411700886,1.3065168992210094
1.0588309418416713,1.1620699256382483,1.1826790713366164
1.0967246110385287,1.1351995034361568,1.1895330458607147
1.1253125758067624,1.1180410260361657,1.192491064180193
1.1138755193824437,1.1373580309033244,1.178144555918123
1.362600871961288,1.160087290121395,1.0443085549577054
1.3299648672251208,1.1072992980506298,1.1072992980506298
1.2762341294712585,1.064396764427107,1.176080486903021
1.2385920347282033,1.023370114769636,1.2415902042950553
1.1320144816099562,1.08558831375766,1.2243984327093989
1.1370921563587277,1.094696713117646,1.2114881015000551
1.1415881430857222,1.1066086181629686,1.1960853849209745
1.1260999591403003,1.1535817067456076,1.1552384341306179
1.1375704053515276,1.1498473874837132,1.1531545150195948
1.2022525704043627,1.032395942831093,1.249179243174706
1.3337549318607909,1.2231420720985444,1.00112426022142
1.2762341353508952,1.1760804891199441,1.0643967599746944
1.2291283634712942,1.1293331165785934,1.1293331128953785
1.1574719177979018,1.1282777823894041,1.1650397136125747
1.1401624153236702,1.1103287934738657,1.1927497704137813
1.1342897820733864,1.1560661931531402,1.148600477577289
1.130506934470824,1.1974327437412335,1.1107954830147009
1.146960937731809,1.1834687863037578,1.115724764503965
1.1453585304574074,1.0162451570396298,1.300191209606516
1.0275320108066297,1.051554206249765,1.326714246078808
1.2570622362060209,1.2570620853007404,1.0034079439615535
1.2385920531338614,1.2415901954227955,1.0233701144936287
1.1574719127563498,1.1650397168479676,1.1282777817035554
1.1487337550887595,1.1487337054107147,1.1487337056113465
1.135420251277849,1.212337570518763,1.0948550066385048
1.097408575606985,1.3455374166447065,1.0032832972039483
1.0938628199463174,1.2993542567727037,1.0406522243632714
1.0706270371827618,1.1337184444694552,1.2056543914748936
1.0348447232524225,1.0979942085293917,1.2661235457404099
1.0436400523793448,1.115248847580914,1.2412394707706254
1.1920052612603493,1.2800654091213461,1.0118702009280285
1.1320144864025348,1.2243984315294383,1.0855883125105708
1.1401624288410686,1.1927497653187193,1.110328791622694
1.1354202543769087,1.0948550065627483,1.2123375689346896
1.1847321332833074,1.1398219485487162,1.1398224501082266
1.051901475890769,1.3725614097942893,1.0046055169968653
1.051543033975674,1.2256934514685551,1.1251713960676455
1.0818518504592274,1.13525992430855,1.1976633351012
1.0675557489161063,1.1150267528726567,1.2275161949569267
1.083357784222972,1.1084142691916452,1.225701191451565
1.1366755314941472,1.306516892560072,1.0152149496211467
1.1370921557451916,1.2114880961672914,1.094696718235842
1.1342897552448923,1.1486004719821157,1.156066212464275
1.0974085534531817,1.0032832974018315,1.3455374299614278
1.0519015140484298,1.0046055204465378,1.3725613801740397
1.0848622852355818,1.1652342678873284,1.1652342559384314
1.0638596495463892,1.2417477663533485,1.1041639769043803
1.102505230293663,1.1527667730161644,1.1682291414736634
1.1203797245389273,1.0854622134215062,1.2309055837153242
1.1098800871617491,1.0987688467673218,1.2217054021194826
1.0588309399734446,1.182679071769027,1.1620699262367862
1.1415881356582618,1.196085390240661,1.1066086168256366
1.130506926990234,1.1107954911753444,1.1974327389123323
1.0938629224877052,1.0406522846739652,1.299354120537298
1.0515430320356276,1.1251714012054812,1.2256934469995073
1.0638596407045942,1.1041639715059277,1.2417477775879733
1.0990839411277993,1.1614552959852908,1.1614552750187057
1.1056258374807868,1.2031008183343137,1.1179026421309601
1.10378479224487,1.1470121802916646,1.173555954983687
1.088414632913447,1.1630479871517372,1.1655188540139467
1.0967246185508437,1.1895330496826344,1.1351994958844733
1.1260999846652304,1.1552384516651324,1.1535816752751034
1.1469609293872844,1.1157247694737236,1.1834687853745434
1.0706270251984578,1.2056543904955912,1.1337184517057426
1.0818518444376426,1.1976633379736945,1.1352599247426038
1.1025052268419886,1.168229143255294,1.1527667730959978
1.1056258592963786,1.11790272170648,1.2031007208177447
1.102078260330118,1.1606942336514607,1.160694233648803
1.0575690607852986,1.0659870489719225,1.2899413603556582
1.0104272295579562,1.313918266659797,1.0707085675687176
1.1253125832721262,1.1924910682220489,1.1180410186087957
1.1375704063893275,1.1531545117758386,1.1498473899076733
1.145358519240537,1.3001911971887419,1.0162451718696157
1.034844722948231,1.266123552893791,1.0979942024924034
1.0675557390166162,1.2275162039625058,1.1150267498831044
1.120379751765971,1.2309055859229505,1.085462198270357
1.1037848965383623,1.1735567878635467,1.1470113118690104
1.0575687515152044,1.2899415915028984,1.0659870209356914
1.0006029741523688,1.189026946901276,1.1890268245023636
1.0,1.2415459926321355,1.1390230894697635
1.1138755153368833,1.1781445535779753,1.137358035230316
1.2022525923851481,1.24917939644205,1.0323958068634989
1.0275319900923825,1.3267142533905572,1.051554211044852
1.04364005628343,1.2412394805792617,1.1152488366836606
1.0833577475544267,1.22570119863187,1.1084142817319989
1.1098801419233435,1.2217054134187295,1.0987688094135237
1.0884146579847227,1.1655188488354338,1.1630479789249581
1.0104272300504558,1.0707085656484083,1.3139182686894615
1.0,1.1389834281478473,1.241589239480051
1.0405312681397885,1.1774526648732382,1.1774526714544837
1.5039343446623943,1.0738790242136325,1.0738789911362225
1.457700990745589,1.0283490202438905,1.1389320744405693
1.3984252411692222,1.0004704920737562,1.1953898786690829
1.3155452606590643,1.0075656947998985,1.2237147044877692
1.2473507780397037,1.015077118720968,1.2473506176783047
1.1145021268019197,1.116021244266499,1.2002202899296537
1.1734916192349012,1.0747382676273818,1.2147070296866522
1.1883586009868856,1.071759118542244,1.2104382216623137
1.1261450894614131,1.1435187603202328,1.16539502019105
1.1703710207013867,1.0834321928997552,1.2063811479144373
1.457700991756372,1.138932074292325,1.0283490200128573
1.406669293576963,1.0920163406774697,1.0920163406774697
1.3673959112401972,1.043695421612366,1.1587129454770948
1.3106110102644704,1.020390064236563,1.2105247118812459
1.14822340335408,1.1510825111474448,1.1465552440296565
1.1755252642838243,1.081425236934055,1.2061414033050961
1.1595967609416529,1.1156575262081074,1.1771461840330688
1.1667620906676195,1.1266462819526017,1.162206348873815
1.2979984926141137,1.009535149827049,1.2295246377774605
1.2082355955148025,1.0008334889770616,1.2856704200549043
1.398425241674967,1.1953898788059854,1.000470491784051
1.3673959130684281,1.158712949296427,1.0436954174594533
1.3129051622719738,1.1108959443868538,1.1108959406752423
1.302770281800445,1.0881676889226781,1.1385165005524067
1.1270369794343542,1.217874570056292,1.093828486689884
1.1741034719169199,1.1725057561083638,1.1132180859919416
1.250270359257207,1.1805629671345266,1.0711793228101834
1.2773117629751838,1.017232267098163,1.2301009176974955
1.1578328121192927,1.0429625487081107,1.2601455577758331
1.0413556434186613,1.0956109842019754,1.2647920645281132
1.3155452595190698,1.2237147035743103,1.0075656959861918
1.3106110123345474,1.210524715140674,1.0203900606886547
1.3027703140360631,1.138516517077008,1.0881676597964678
1.321593916362241,1.109098325683898,1.1090983255220332
1.07344284246372,1.3619032409327907,1.0022522115108459
1.2199072118422771,1.2795130393425282,1.0007054786825693
1.2004508550639612,1.1523247787867423,1.1201423640969181
1.1395203981126414,1.0981482709441477,1.206402493858979
1.0510854660648192,1.116154005743555,1.2357841056483307
1.0563593289708988,1.1190836326479852,1.2295438129690732
1.2473507747180534,1.2473506123761346,1.0150771243819798
1.14822340108071,1.146555240219216,1.151082516112367
1.1270369613433997,1.0938285213984358,1.217874541207324
1.0734427457659996,1.002252209982752,1.361903304347669
1.148757092755071,1.1487569938546147,1.148757222170313
1.1559977216664779,1.248581090802668,1.053516041715614
1.1311149594411039,1.147220757439792,1.1590108731052566
1.089877162457959,1.126915150099457,1.2020598874664308
1.093106147816952,1.1016883732730498,1.227794291027465
1.1181905294100005,1.0859492255000243,1.2315504744726593
1.114502116250906,1.2002202813506726,1.1160212575784403
1.1755252817631454,1.2061414018559973,1.0814252302188119
1.1741034663579744,1.1132180939523386,1.172505750523308
1.2199071829966752,1.0007054784806064,1.2795130547278373
1.1559976781314136,1.0535160394846348,1.2485811169701695
1.1249731637840863,1.1546885609899344,1.154688552266806
1.0871506139695646,1.2253938624820746,1.1068667488489445
1.1075065629963867,1.1154943912098951,1.2047067257666306
1.1154549001276821,1.0966300391907098,1.2210124257226667
1.1139734119694402,1.1142722475120657,1.2024852412875962
1.1734916541827105,1.2147070291129511,1.0747382521199558
1.159596766389479,1.177146183816889,1.115657523792039
1.2502704377778555,1.0711793871866244,1.1805628591435502
1.2004507914196527,1.1201423950831988,1.1523247774655614
1.131114947304892,1.1590108732425803,1.1472207634896372
1.0871506254943764,1.1068667261931031,1.2253938810712077
1.1112140815525369,1.1582739576130812,1.1582754779895865
1.1155748488921655,1.1619220230334122,1.152349437049342
1.097845176072524,1.1732735782544326,1.150388506781885
1.0710758048487503,1.2223370351139704,1.1179709029133957
1.1883586282491698,1.210438223153643,1.0717591049262167
1.166762114190614,1.1622063539089873,1.126646265895899
1.2773117737366324,1.2301009751066072,1.0172322153228646
1.1395203513056271,1.2064025214877123,1.0981482683478672
1.0898771799784022,1.202059864748859,1.1269151623359612
1.1075070461396417,1.2047075191345817,1.1154934132618175
1.1155749188177584,1.1523508218384566,1.161920591492106
1.1258483731463178,1.1544833442606803,1.1544798666603275
1.0510685668778779,1.0691679644548675,1.2901633465585274
1.0007975938677593,1.4122251743871963,1.0010071337501978
1.1261450620650904,1.1653950029324116,1.1435187911683817
1.297998514086181,1.2295245978000693,1.00953517412967
1.157832807981076,1.260145562381066,1.0429625467600225
1.051085418153076,1.235784143229093,1.1161539970291205
1.093106124631058,1.2277942909992454,1.1016883849824919
1.1154549484881648,1.2210124134622373,1.0966300263543236
1.0978451505546196,1.150388316772607,1.17327378569227
1.051070737446618,1.290192657969547,1.0691425638120895
1.0,1.189207024444162,1.1892071738546905
1.0119286500689637,1.3677400527503942,1.027964245130935
1.1703710161881031,1.2063811491548968,1.083432192544598
1.2082356046258473,1.2856704152577907,1.0008334889302373
1.0413557458303986,1.2647920027482833,1.095610983577535
1.056359323189695,1.229543806906557,1.1190836412322265
1.1181905237092395,1.2315504827955677,1.085949220928866
1.113973426691992,1.202485163624258,1.1142723121249405
1.071075787692443,1.1179708983795857,1.222337049850413
1.0007975793378734,1.001007117961841,1.4122252069944397
1.0119286878200684,1.0279643432174421,1.3677398979491378
1.0667973100809676,1.1701171499644694,1.1701171251127678
1.593639825948092,1.0584254243822044,1.0584254211572748
1.5591885882866534,1.0106166200874378,1.120813122054525
1.4605544402413306,1.0026009905311106,1.1671516928059724
1.3746224693576776,1.0116215342181532,1.1923156205762053
1.304658933724095,1.016015836674083,1.2185121724882928
1.1498257908938685,1.1471020367184992,1.1498256905058002
1.2128242664526463,1.0627394244410477,1.2083416501854145
1.2008890452824044,1.0691886112592628,1.2070147671543525
1.1496986508088116,1.116543824077795,1.1812613220151362
1.3225928338057895,1.0266363666681575,1.1976602825843883
1.5591885882275853,1.1208131222417237,1.0106166199429683
1.509373527826776,1.0728963715041302,1.0728963755648937
1.4668546028278397,1.0235485220414613,1.1407707969845973
1.3854293488532474,1.0146828379577586,1.1840927880999648
1.2874394101971804,1.057484787857443,1.178627005765558
1.1278418994324393,1.191246205658371,1.1178519390858246
1.1913937866718112,1.1207487174157869,1.1560548374258488
1.4123834503595392,1.0097563612467244,1.1784338728203507
1.3277577716819708,1.0014275608166507,1.2255622962907184
1.229673664756832,1.0,1.2751087423339666
1.4605544345689183,1.1671516950713396,1.0026009905319193
1.4668545749205903,1.1407708023481091,1.023548526961556
1.4135347887706986,1.0907303925068002,1.0907303761631222
1.3663562089235193,1.0977765876703809,1.10209036891013
1.3267487906164566,1.1077092911930833,1.1083483769248215
1.156477901182861,1.180468503164577,1.1140012522592524
1.445014968048088,1.0210729099360187,1.1521067672776213
1.3098271577056042,1.025847570119435,1.2046218059290275
1.170578574691169,1.0877448916849741,1.2015848804879228
1.064550643624953,1.1294772257123036,1.2137513320662507
1.374622471342836,1.1923156200699878,1.011621533913974
1.3854293421675041,1.1840927865031847,1.0146828417674048
1.3663561961197395,1.102090356530309,1.097776605139861
1.3217193292957168,1.1090744077127703,1.109074409676315
1.2259308902858024,1.1313155675429525,1.1289614892216833
1.173947103790793,1.1569125361688946,1.1282770374905926
1.2897370060507931,1.0880239568115355,1.1445229272379414
1.175939252005185,1.1189535158558122,1.1654669032785179
1.093782590839835,1.1337881861778258,1.1926585936121137
1.083954903625778,1.1046487067954809,1.2295611396636723
1.3046589319839994,1.218512165812803,1.016015842922236
1.2874394082683844,1.1786270021702492,1.0574847918679344
1.3267488885443655,1.1083483399448582,1.1077092873710486
1.2259309003419838,1.1289614850409495,1.1313155670980832
1.0325523479816243,1.1796322908875312,1.179632314192295
1.1512402094722904,1.158005755171456,1.1381663239847626
1.1943440657151039,1.126402803150519,1.1488108009081304
1.1344586994462995,1.1269509283051358,1.1780987310127227
1.13392997198724,1.0769718651717914,1.2331793763801675
1.1157070963038163,1.0948212298268187,1.2229035236332457
1.1498257949542,1.1498256984233723,1.1471020268275725
1.1278418982285194,1.1178519375123825,1.1912462079846757
1.1564778650948209,1.1140012968488655,1.1804684743229505
1.1739468856230422,1.1282771833947698,1.1569124941446418
1.1512400851314644,1.1381663234240373,1.1580058182847441
1.1486992480301146,1.1486991441169272,1.1486989752212955
1.1430662363969828,1.1881947666816117,1.113263595788181
1.1236896244676715,1.1300330668048795,1.1805916048201786
1.1198521013717166,1.1191745717328214,1.1940733230120977
1.1127517801618372,1.148828540882242,1.1669697441641742
1.2128242710988288,1.2083416474361943,1.0627394248305766
1.191393778025779,1.1560548338743066,1.1207487249253905
1.4450149715316727,1.1521068338623366,1.021072849776933
1.2897370110382973,1.144522975950027,1.0880239084077634
1.1943440615633854,1.1488107965677765,1.1264028093639906
1.143066216394333,1.113263620570278,1.188194750600318
1.1507001584768966,1.1481980961979006,1.1481980857681395
1.1433265738442322,1.0965100155808152,1.2062658259141494
1.101010696517926,1.2250050230873923,1.100264093154994
1.0356221450494265,1.3805815270002892,1.0064957938424959
1.2008890508041623,1.2070147830815945,1.0691885946625435
1.4123833175027514,1.17843393666545,1.0097563540790735
1.3098271246800122,1.2046218092648755,1.0258475803113458
1.175939331653624,1.1654668892861944,1.1189534913796932
1.134458691320349,1.1780987455822964,1.1269509182936106
1.1236896408318455,1.1805914358654024,1.130033220338252
1.1433273381347444,1.2062663578740158,1.0965091615451996
1.1746014218126308,1.142295186651766,1.1422917641283021
1.0993769736088683,1.2340442601951669,1.0929494346975106
1.0000651605077502,1.414068550771696,1.0000837693174385
1.1496986972491008,1.1812613550613906,1.1165437702692094
1.3277577499139819,1.2255623064651326,1.0014275607137393
1.1705784778285553,1.2015849264828422,1.0877448949491717
1.093782597837818,1.1926586000771604,1.133788176402859
1.1339300323886796,1.2331793821296455,1.0769718314907837
1.1198521006187012,1.19407331675814,1.119174577980754
1.1010106646181321,1.100263429266136,1.2250057787834818
1.0993756120713032,1.0929339261266813,1.2340625435016022
1.032758376920114,1.1797277946353149,1.1797224302583393
1.0167693223710186,1.3634098346070431,1.0286773968340346
1.3225927766966517,1.1976603138897701,1.0266363620549797
1.229673721754842,1.275108697817726,1.0
1.064550777129417,1.2137512151187118,1.1294772600241134
1.0839548654723765,1.2295611444311967,1.1046487220990362
1.1157070892998726,1.2229035215812345,1.0948212350949995
1.112751796245459,1.166969441886029,1.148828830190382
1.0356219376385878,1.0064958316523998,1.3805816120297998
1.0000651603653754,1.0000837690301718,1.4140685512138171
1.0167687273573622,1.0286762031736738,1.363411814618565
1.0854390598925316,1.1650790634668282,1.1650787731740337
1.689034939014383,1.043142693039195,1.0431426931331003
1.6524606170739509,1.0,1.1000665169425101
1.5266190080151736,1.0059728259077854,1.137789916206728
1.4381151914437549,1.0133172474788037,1.1637522785084622
1.4189059372933666,1.000113626636475,1.1871183851803504
1.2439067954642964,1.0566814537063483,1.1999934326683446
1.103882907932529,1.2194517923336619,1.1038827781079776
1.1347895536385586,1.1532328381693802,1.1511903775211874
1.2866883201543242,1.0424563116927124,1.1960192140218442
1.3634653961412995,1.0103357197280278,1.1987186081080745
1.6524606170739509,1.1000665169425101,1.0
1.627782301587242,1.0528281184880304,1.052828119753994
1.5559926645281628,1.0184147453439247,1.1130738935292788
1.4141935172775588,1.0224187907325537,1.1632087836536082
1.3746869905578338,1.0924589616743086,1.1040949500361723
1.307774785491369,1.106659953383425,1.1174463687844927
1.2598746933438465,1.0028339280392105,1.2563765094941381
1.4818092300244734,1.0030483681461442,1.1582310770853932
1.3695556385766137,1.0000291515088395,1.2084089947534744
1.2284697222541645,1.0548346264206458,1.2095889115492169
1.5266190103702597,1.1377899161841187,1.0059728251513262
1.5559926694582438,1.1130738903694877,1.0184147463750546
1.4066784765510363,1.0920419551338891,1.092041924862767
1.362591063951595,1.0965194961272282,1.1048782197936353
1.3280338655505939,1.1077590149606547,1.107765185770741
1.2338071465768388,1.1221112139564091,1.1346325613160988
1.2293377060960393,1.0498538070121823,1.2149167934030956
1.336189296345431,1.064218429022589,1.149416349866228
1.201682332974192,1.1176201101948413,1.1545079009580013
1.0953628276994671,1.1577451932886214,1.1671378164046118
1.4381151907778096,1.1637522786159842,1.0133172476256747
1.4141935037186177,1.1632088042390423,1.0224187775891895
1.3625910496497708,1.1048782300898836,1.0965194916664005
1.3205267918476455,1.1093287338075353,1.1093287240435212
1.2242940126648565,1.1296362211009143,1.1314130960866842
1.0643372700181055,1.0025762401665097,1.3672712715167494
1.185164573801852,1.1252936155745177,1.1543762287359818
1.233998595914818,1.1126102859069473,1.1442295908255813
1.1373083620832969,1.1401265396626505,1.16309514248709
1.1339610313303563,1.0753696126110512,1.234982566334973
1.4189059224884384,1.1871183909245218,1.0001136270042332
1.3746870016705313,1.104094951443544,1.092458955863667
1.328033869489134,1.1077651950729825,1.1077590040277334
1.2242940275635976,1.1314130770947253,1.1296362331948342
1.0526827470066433,1.1740130308192036,1.1740130524155157
1.053267674339011,1.0997714804059695,1.253076963655743
1.1739151125783212,1.1234038404868871,1.1617849197458352
1.1822330821566203,1.0872352765566102,1.1963072000948771
1.1329484661085445,1.1180466063952115,1.1883611586212406
1.126564287277702,1.102806761695123,1.2081766423889224
1.2439067844055698,1.1999934454437888,1.0566814471607362
1.3077748007622854,1.1174463544934659,1.1066599611213743
1.2338071318372996,1.1346326016898087,1.1221111807291402
1.0643373165710657,1.3672712330301022,1.0025762464213361
1.0532676954160969,1.2530769655886949,1.099771467543314
1.089682759788989,1.1639385415503718,1.1639385416368186
1.159256900703684,1.1591187327315104,1.1331849475456732
1.1323449318100358,1.161793591055415,1.1440890109090243
1.129888689776153,1.1480824841314776,1.1588383032554392
1.1280617277529168,1.1763092815879688,1.1320463194788895
1.103882946869237,1.1038828357868182,1.2194517071442348
1.2598746563458691,1.2563765284465618,1.002833927632226
1.2293377788898312,1.2149167548702298,1.049853809222172
1.1851646194207006,1.1543762145613712,1.1252936077382603
1.1739150531422293,1.1617848983596237,1.1234038896467013
1.1592567973776762,1.133184858681102,1.1591188752416417
1.148710423543727,1.1487100719244427,1.148710037657887
1.1848151582642557,1.0085174778796686,1.2881474260299266
1.1281887191836373,1.254146655010274,1.061507817620399
1.1014956581854654,1.3445584509652397,1.0021686150047975
1.1347895539078774,1.1511903795170608,1.153232836000195
1.4818093329413018,1.1582310327952863,1.0030483716669285
1.3361893298707874,1.1494163422536938,1.0642184225633629
1.2339986020967657,1.1442295847199186,1.1126102890600909
1.1822331086277453,1.1963071999486186,1.0872352645152035
1.132344910082229,1.1440890085567261,1.1617936044947335
1.184813534276065,1.2881484624362387,1.0085173603049087
1.2457385183169292,1.1256415391897971,1.1256434742527253
1.129044259904454,1.3307122560614808,1.0
1.0648456533379402,1.3571572501638929,1.0098148343680915
1.286688325372372,1.1960192148722004,1.042456308825403
1.369555565858533,1.208409026964481,1.0000291513889972
1.2016822218485372,1.154507932425959,1.1176201309855085
1.1373083462593991,1.1630951371435971,1.1401265528269664
1.1329484728911685,1.1883610571493748,1.1180466985337136
1.129888731629752,1.1588382281754996,1.1480825372561902
1.1281887652141578,1.0615078205378827,1.2541466258251508
1.1290383846221845,1.0,1.3307156400822235
1.100181008599222,1.1611526384161361,1.161152633679967
1.0425975819010247,1.298098453240122,1.0669593017405865
1.363465259867406,1.1987186693109972,1.0103357186617894
1.2284697438429215,1.2095889141970413,1.0548346148834247
1.0953627696612884,1.1671378558348837,1.157745184840752
1.1339610941549643,1.2349825688394171,1.0753695806593473
1.1265642974823467,1.2081766377179446,1.1028067609634313
1.1280617333685146,1.1320463174725837,1.176309280779579
1.1014956118075117,1.0021686192282329,1.3445584735347265
1.0648451919976194,1.0098133368620972,1.3571595566897943
1.0425977154054393,1.066959626678107,1.2980979746708259
1.0973635101474046,1.16188393484309,1.1618839279060935
1.7889764240515036,1.028203768903373,1.028203765659532
1.6958209311236656,1.000242564517855,1.0857326102599374
1.5996800282115442,1.008518342051098,1.1088559415634838
1.5073381463713318,1.0101145258760935,1.1403929978039693
1.4106827073443722,1.0001142709861874,1.1905733071332198
1.39552431213035,1.1537387480656809,1.0377288062291166
1.288685721838872,1.1057150567744658,1.1266293600159123
1.2506718688323497,1.0110814669995964,1.250672069351083
1.494264943414502,1.0140286780056913,1.1408782485918871
1.413314367316341,1.0028580815999395,1.1861921418499723
1.6958209330604452,1.0857326094859576,1.0002425646552207
1.7586576068388113,1.032678880857902,1.0326788808579013
1.6435802954792933,1.0135918793118817,1.0883899726277304
1.4088092997599273,1.0207460007851306,1.1673273078346984
1.3716766243921563,1.0849448262101802,1.1127915735238123
1.3403716740608806,1.1135589486106099,1.0969209913508302
1.255539558726425,1.1597242719052863,1.0883134309220728
1.2472136318661589,1.0176955170320547,1.2444566763064029
1.39737113885405,1.0298393812091677,1.161687970752944
1.2482079522069798,1.1006019130479605,1.1501130968651916
1.5996800250013727,1.1088559423472586,1.008518342293297
1.6435802854219805,1.0883899744879586,1.013591880687114
1.4004804205908883,1.0932357692476695,1.0932357700980224
1.3586797060128784,1.095928247996666,1.1070652118765165
1.32621700824733,1.1081447410402332,1.1081428983180832
1.232510380404841,1.119034618704932,1.1382247284935716
1.0669719384425254,1.0068064891121877,1.3598030301516137
1.172720669233155,1.1318437248353634,1.153787970589242
1.2587277865318767,1.1184380611793543,1.1270069151035387
1.144256279439821,1.165642050492681,1.134163561387617
1.5073381442123073,1.1403929950406455,1.0101145290467444
1.408809347468769,1.1673272416273086,1.0207460411714744
1.358679700173368,1.1070652277302837,1.0959282346564705
1.3186518980727344,1.1097269615552,1.1097269631433841
1.220863670058125,1.1285753663703322,1.134077545179714
1.0873594860760185,1.0012659391219618,1.3544974044009845
1.0528859593510358,1.0544569989298709,1.307047162171978
1.1662241689363158,1.1388738428952443,1.1498454378564464
1.196487411515848,1.0927933692204743,1.183105453488454
1.1527315082792617,1.106525738391844,1.1904018891613024
1.4106827088968874,1.190573306333834,1.0001142711123487
1.3716766335760873,1.1127915609873353,1.0849448348241908
1.326216995987709,1.1081428974302594,1.1081447470557786
1.2208636689563532,1.1340775494159938,1.128575362663743
1.0649386289924074,1.1706484807593431,1.1706485310767116
1.0980352963678504,1.1027201974489709,1.223886756346776
1.0623788941776775,1.111425672622603,1.2345013487175558
1.16165198199277,1.133049838790129,1.1580506953715712
1.1495166028777708,1.132940861120196,1.1642592002041765
1.1380809236382594,1.1219178624957615,1.1815854548391604
1.3955242947252355,1.0377288008886958,1.153738761175952
1.340371680730273,1.0969210257645676,1.1135589101342898
1.2325103718680666,1.1382247647693318,1.1190345861133337
1.087359438386931,1.3544974363899487,1.0012659374386503
1.0980352974476824,1.2238867644629947,1.1027201895972456
1.1298404012576444,1.1534380534545767,1.1534380472698103
1.1380784693169268,1.0696051597102312,1.2394225995832449
1.128807646957348,1.2076305383263848,1.1022461302319773
1.1080676811545092,1.2302303550713563,1.0919570288208325
1.1739587497964,1.1875700960713143,1.0990885823574352
1.288685718359406,1.126629298711705,1.1057151213747511
1.2555395722972966,1.0883134302941277,1.159724266295495
1.0669719485590126,1.359803027469703,1.0068064863579966
1.0528859705297917,1.307047125709669,1.054457022726049
1.0623788772322205,1.2345013630629031,1.1114256685758865
1.1380784638595458,1.2394226351162827,1.0696051316885982
1.1457075089283055,1.1494431204040847,1.149443099313502
1.0293542655473,1.3893386006907475,1.0032698909393183
1.1100583526830428,1.3411528149270346,1.0009674687278263
1.1979090982431204,1.2807173966956014,1.0090477714559474
1.2506719907272121,1.2506720114604375,1.0110814645156008
1.2472135465427376,1.2444567128125326,1.0176955220473285
1.1727205697245338,1.1537880219092334,1.1318437253319729
1.166224136983262,1.1498454407038048,1.138873855689071
1.1616518331077947,1.158050530790497,1.1330500724369577
1.128807781989931,1.1022459473812825,1.207630666258267
1.029354219931466,1.0032699023339118,1.3893386155619738
1.1486864133271637,1.148683616013025,1.1486856641508982
1.142088130996242,1.3232394663248206,1.000078820794591
1.1490095156219426,1.2566188946086683,1.0499330663402975
1.4942649620425907,1.1408782381174587,1.0140286810000232
1.3973712002541372,1.1616879558615922,1.0298393717850056
1.2587277274753401,1.1270069251739516,1.1184380774136866
1.1964873315314826,1.183105427848942,1.0927934294286032
1.1495162373844545,1.1642588998079308,1.1329413335772611
1.1080677432608446,1.0919569172564527,1.2302304469468992
1.1100611071597095,1.000967493105136,1.341151129295012
1.1420882506708194,1.0000788195135553,1.3232393983333712
1.1562941700568732,1.1467659047459566,1.1467659887021004
1.0797085197054208,1.2485745401614818,1.0899855729919712
1.4133144404331774,1.1861921086680396,1.0028580837094194
1.2482080294280873,1.1501130906713615,1.1006018849338666
1.1442563480907677,1.1341635356362734,1.1656420420973426
1.1527314098746853,1.1904018329067303,1.106525837826699
1.1380809366913467,1.1815854487974213,1.1219178617981351
1.1739591725032523,1.0990882196062761,1.1875702739217116
1.1979098263364454,1.0090480904249093,1.2807165940263991
1.1490089951039095,1.0499310523629544,1.2566215841570871
1.0797079080307326,1.089983207652875,1.2485776223388885
1.1025666569364434,1.1604328484841815,1.160432897419833
1.8930363912705173,1.0138338560956157,1.0138338554080355
1.7650482284087725,1.001050540296362,1.0633236816645224
1.680801783102626,1.0071230485582234,1.083122130348041
1.5770393998914827,1.0018024556580691,1.1241489834788039
1.4040510384944085,1.0001137956913024,1.1933827173624396
1.391634371507953,1.1107175272230279,1.0793001740338575
1.3559203277598102,1.125137804096418,1.0794703658028009
1.2505663681079293,1.161365399725828,1.0890124190386494
1.2597145653674924,1.0002754397095701,1.2597144986369622
1.4684035475837922,1.00030317984176,1.16673308968997
1.7650482319938914,1.063323680817905,1.0010505400823184
1.8836002723771283,1.0151249404613811,1.0151249404613811
1.4580554913974244,1.0629860742624289,1.101796273935728
1.4042817987156466,1.0206481991860825,1.1693017307374944
1.3688106873784274,1.0789961837854363,1.1201632501191483
1.3385350075823563,1.1022967180694954,1.1088989403047116
1.2542816182261909,1.161939235837175,1.0867920928872143
1.0768048309515865,1.0224181567534611,1.33295933192377
1.1661685627556113,1.1302934236637083,1.1586199021013712
1.2977053224557575,1.11954018889463,1.108887000754118
1.6808017792794732,1.0831221289416892,1.0071230510087594
1.4580554821083485,1.101796248013007,1.062986102655241
1.3949628041686633,1.0943052523934735,1.0943052114281921
1.3547919462197193,1.0956790609232425,1.1087225228050046
1.3239771202721675,1.1081707829838283,1.1090596550234355
1.2299691682086837,1.1155797031115005,1.143009249778055
1.0824566135162648,1.0046671368707798,1.3529468547906025
1.0564120938216615,1.0180068230145218,1.3517052251308308
1.1458846038861845,1.1708800002869253,1.1282812374367277
1.2185069958097952,1.111236060903623,1.1528865476431478
1.5770394025856633,1.1241489873022559,1.0018024513966501
1.404281805476248,1.1693017354442137,1.0206481926362587
1.35479195529223,1.108722515069965,1.095679064906094
1.3164738949227135,1.110189335129957,1.1101893355289973
1.2162527432116832,1.127782659282949,1.1370313411241868
1.110045558499083,1.0005813809568311,1.3416393019887167
1.0838123139017724,1.0720319922592538,1.2670118861898139
1.046230985851438,1.1025747377272643,1.253783925413223
1.1619905320914885,1.131991605309525,1.1589648476908545
1.1707738313541465,1.107918190605414,1.1796959259111346
1.4040510592120299,1.193382708293859,1.0001137959077733
1.3688106898727874,1.1201632558215862,1.0789961774127472
1.3239771345590632,1.1090596485785547,1.1081707834702752
1.2162527400852345,1.137031342695492,1.1277826591764437
1.0880952906666557,1.164324658297661,1.1643247049634364
1.139237681072403,1.1051591490820212,1.1988992816679238
1.117692963174527,1.1172144751641837,1.1973190695785942
1.1372334266775543,1.0629731576502048,1.247595283966228
1.1419269293778715,1.1736330840611873,1.1276611408788104
1.1219029547852886,1.1649939457349154,1.1460944957222534
1.3916343596681688,1.0793001942276514,1.1107175110377931
1.3385349979165873,1.1088989274822727,1.1022967348732384
1.2299691478078303,1.1430092736282036,1.1155796894083811
1.1100455346864104,1.3416393172138001,1.0005813801793657
1.1392376704302045,1.1988992035173114,1.1051592262712349
1.1810687436007254,1.1406905579777171,1.1406905306895931
1.1699547380565836,1.1102365202944737,1.1776411386224415
1.1357236194869282,1.0869701603343331,1.2207059176829396
1.0898544596925788,1.2821375287287462,1.0565219211301913
1.1866004793307172,1.2260859682568153,1.0588220090890295
1.355920337767528,1.0794703617507508,1.1251378041361735
1.2542816322577934,1.0867920907755988,1.1619392315436265
1.0824566143319923,1.3529468523841734,1.0046671382703003
1.0838122622056052,1.2670119133229816,1.0720319946280275
1.1176928203683407,1.1973191262257608,1.1172144938323765
1.1699547667628352,1.1776410998500348,1.1102365432388177
1.1945018163606984,1.1375495647621336,1.1375495648116578
1.158769048405138,1.188436525485196,1.1054528631862306
1.092528456402762,1.285165135119776,1.0527637505430065
1.2711584308349801,1.1963191817342471,1.0484175454923153
1.250566342255825,1.0890124154511291,1.161365415760023
1.0768048124585283,1.3329593295374877,1.0224181673564061
1.056412036608234,1.351705239308062,1.0180068399642543
1.046230922942031,1.253783994667801,1.102574709442571
1.137233491694896,1.2475952823299983,1.0629731286989956
1.1357242579437477,1.2207049813811515,1.086970687869492
1.1587709325597015,1.1054499625427852,1.188438677887114
1.317658620480091,1.1099469037229046,1.109948767803459
1.0837388101677687,1.2530220227384883,1.0842298287457675
1.2293578123475317,1.1823860769065542,1.078735560312978
1.2597145299809867,1.2597145163587595,1.0002754396827165
1.1661685490612799,1.158619912694779,1.13029341995776
1.1458846748022078,1.128281227517525,1.1708799744671183
1.1619904399676233,1.1589648203783685,1.13199167686099
1.141926829394604,1.127661350843537,1.1736329171940423
1.0898546116382484,1.0565210892198167,1.2821384484301075
1.0925281384256904,1.0527648089034385,1.2851640310743602
1.0837400903030427,1.084227166988872,1.2530243479941159
1.148688237446001,1.1486971265609516,1.148697125562121
1.1555408206586526,1.1872489903357837,1.1081005433603854
1.4684036182060134,1.1667330609932116,1.0003031804203828
1.2977054343940457,1.1088869996599118,1.1195401417172264
1.2185071638989409,1.1528865453612276,1.1112359864610433
1.1707732804272604,1.1796956136546037,1.1079187445867846
1.1219030050813907,1.1460944787869136,1.1649939367640938
1.1866002132093034,1.0588223082438402,1.2260857591262253
1.271156088329915,1.0484184829354668,1.1963192078647922
1.2293576253884715,1.0787355679485904,1.1823861584476012
1.1555414499276615,1.108102690470747,1.1872463654533096
1.1348383346845354,1.1521809229355808,1.1522068644334336
2.0,1.0,1.0
1.861926140502442,1.001161211849093,1.0351121138347388
1.765290805602033,1.0013785008820026,1.0629623076000763
1.4586214845138308,1.0489695243063601,1.1162665003247048
1.3986176382640314,1.0001137121244705,1.195699066570255
1.3895110016417578,1.093901384378194,1.096587984945725
1.354137342507619,1.1277569484403107,1.0777546890218153
1.3006704298844756,1.1400297328655438,1.0877155883731933
1.1931472131233116,1.140526283662297,1.1351927812103892
1.1912283142595228,1.087546399851072,1.1912285811011318
1.8619261406974037,1.035112113895764,1.0011612117331932
1.9320606507604634,1.0086717660719364,1.008671765865604
1.4576437080794509,1.061876071446364,1.1031042820695731
1.400436843395636,1.0212542385588255,1.1701929216519154
1.3660180215690347,1.074673651915967,1.1258576423021762
1.3368897053550395,1.103483703821035,1.1083791496546311
1.2517965757590903,1.1596699383158036,1.0899943532209277
1.0919999489252608,1.0172634504716398,1.330187183616917
1.0512103026879525,1.0005652795961888,1.378638275785853
1.1099831070198216,1.2215181889707463,1.0990051285683005
1.7652908105906524,1.0629623076143107,1.0013784994520345
1.4576436929699252,1.1031042602963412,1.0618760979094273
1.39006908525321,1.095259105779709,1.0952591052697507
1.351224345400354,1.0958191537303112,1.1100695746565907
1.3216571695466708,1.1078805317056915,1.1103289279950745
1.2267139861806051,1.1114968324096823,1.1488374398806551
1.1006831092296723,1.0030851038413096,1.3438258542066877
1.079603968789113,1.0388947924344454,1.3101141720508092
1.027035569147381,1.0946238518404408,1.274823311384848
1.1459265104849046,1.1594319303712433,1.139396357110487
1.4586214782584435,1.1162665022973113,1.0489695247038062
1.4004368575164705,1.1701928836019384,1.0212542664877033
1.3512243316134311,1.110069567044945,1.095819166790945
1.3142063213580606,1.110670985132735,1.1106709913831918
1.2108833189031396,1.1270191892684545,1.1403266896903461
1.1324704128255036,1.0001772984240016,1.3287312547746215
1.114347086017509,1.0868037811373517,1.2328129440883275
1.0926986056783141,1.1108917569209822,1.2178427194695243
1.1248093070825473,1.0621217793391913,1.2554582633066524
1.1517689013436267,1.1514452437447589,1.1444797723864801
1.3986176286209446,1.195699070571871,1.000113712225369
1.3660180174654801,1.125857614576051,1.0746736798476455
1.3216571787286033,1.1103289396553273,1.1078805162173915
1.2108833053792747,1.1403266873356082,1.127019197896307
1.1128587440323943,1.1578269342808656,1.1578269343065026
1.1774555706293393,1.1149046701322138,1.1689708155697924
1.1673215702721893,1.1271968667982137,1.1612059932811458
1.197894719709552,1.0718954327504309,1.205494693253945
1.1382982949398788,1.07527094626933,1.2326627940190142
1.1488781700153785,1.1534687925571854,1.143758167717301
1.389511013795539,1.0965879687551439,1.0939013957338812
1.336889715228297,1.108379142261342,1.103483707108497
1.226713988693511,1.1488374452566683,1.1114968239750982
1.132470466483198,1.3287312238198652,1.0001772979081152
1.1774554918214881,1.1689709523394962,1.1149045770484172
1.2202873269561438,1.131468092531335,1.1314680737471383
1.2003696133309607,1.1437085438281398,1.128801450171215
1.1802988750510581,1.1794900769997956,1.103722505201053
1.1617761762384848,1.1253866710919889,1.1658572119836519
1.1762803408517202,1.097194672904336,1.1884064786587663
1.3541373414047284,1.0777546904914628,1.1277569470881577
1.2517965730106255,1.0899943468970648,1.1596699463258904
1.1006831199474485,1.3438258516903585,1.0030851008509871
1.114347009157043,1.232813035841972,1.0868037374850026
1.1673217211607576,1.1612059297995299,1.127196855227131
1.2003695846910465,1.1288014867077352,1.1437085206833981
1.1791671605007614,1.1412045845424976,1.141204453544511
1.085296486523052,1.3528513144367647,1.0034268681588947
1.2487415295078217,1.2631820402861265,1.00186423653623
1.1669613888324062,1.116450583890608,1.1725852936039793
1.3006704116832004,1.0877155913967365,1.1400297376724153
1.0919999760860084,1.3301871580263822,1.0172634573028057
1.0796038937012882,1.31011421306476,1.0388947960352377
1.092698490129621,1.217842808547836,1.1108917344131777
1.1978954821598833,1.2054946129096562,1.0718951638541627
1.1802988719176717,1.1037218424677449,1.1794907832555384
1.0852964389486366,1.0034268949340943,1.3528513076962136
1.0109307758881108,1.1859778781524353,1.1859780403051514
1.1903526077398834,1.2308735948975638,1.0531063825431188
1.1556116032223103,1.1306220396129851,1.1635631841504435
1.1931471980407697,1.1351927563805593,1.1405263158555716
1.0512102489716166,1.3786383084161609,1.0005652816817328
1.0270355949422665,1.274823323032947,1.094623827931167
1.1248097361963183,1.2554582788089252,1.0621215636681829
1.1382985390451539,1.2326626668635854,1.0752709400575367
1.1617802868697689,1.1658508861755874,1.1253907928565674
1.2487414074879857,1.0018642330588619,1.2631821064064541
1.1903525866415012,1.0531064233322014,1.2308735581686474
1.1491512960501582,1.148581682101048,1.148581590404308
1.132524017465498,1.159226419863593,1.1462970429706116
1.1912283815568043,1.1912285381715015,1.087546408159427
1.1099831315444002,1.0990050954664294,1.2215182123973778
1.145926515501881,1.139396297896754,1.1594319883141386
1.1517688770451089,1.1444796900731244,1.1514453387288484
1.1488774090703824,1.1437579814319225,1.1534693620136949
1.1762794333086295,1.1884072828183683,1.0971943536475868
1.1669630895947316,1.172584352013883,1.1164506667453336
1.155608589573531,1.1635621733561226,1.1306244932631948
1.1325241617271264,1.146283716349907,1.1592398138792146
1.148709625119888,1.1487040810643487,1.148696432393169
